1992 8 8 53840255574
1993 8 8 53166216941
1994 8 8 53437240310
1995 8 8 53396799768
1996 8 8 54110132821
1997 8 8 53398173290
1992 9 8 56083363742
1993 9 8 55223660082
1994 9 8 55339397030
1995 9 8 54949301113
1996 9 8 55903082845
1997 9 8 54769022116
1992 12 8 52837317579
1993 12 8 53383468103
1994 12 8 52207914158
1995 12 8 52862670951
1996 12 8 52829409093
1997 12 8 53020471016
1992 18 8 53363391476
1993 18 8 52946193531
1994 18 8 52997321941
1995 18 8 53672123936
1996 18 8 53436907487
1997 18 8 54352229494
1992 21 8 53796356168
1993 21 8 54304168176
1994 21 8 53974392943
1995 21 8 53857720297
1996 21 8 54093512752
1997 21 8 53598437998
1992 8 9 55334149561
1993 8 9 55669527348
1994 8 9 54838930433
1995 8 9 55981258937
1996 8 9 56549465183
1997 8 9 55451474341
1992 9 9 57493556858
1993 9 9 58025342779
1994 9 9 57308767649
1995 9 9 57866394299
1996 9 9 58676834632
1997 9 9 57151657961
1992 12 9 55470271862
1993 12 9 55450422145
1994 12 9 55166732599
1995 12 9 55756628069
1996 12 9 55295862862
1997 12 9 53377511976
1992 18 9 56294215648
1993 18 9 56167494867
1994 18 9 55456868802
1995 18 9 55888788272
1996 18 9 56240855720
1997 18 9 55624174081
1992 21 9 56528084092
1993 21 9 57031719413
1994 21 9 56459028335
1995 21 9 57672132145
1996 21 9 56293030145
1997 21 9 56215096026
1992 8 12 51104583944
1993 8 12 52291194128
1994 8 12 52149700327
1995 8 12 51756734585
1996 8 12 52743929158
1997 8 12 53618521846
1992 9 12 54393567369
1993 9 12 53410059754
1994 9 12 53932060476
1995 9 12 54260687958
1996 9 12 55113622290
1997 9 12 53884139975
1992 12 12 52781570092
1993 12 12 52683527061
1994 12 12 50283319443
1995 12 12 51809888688
1996 12 12 52500376734
1997 12 12 50815598125
1992 18 12 52836119396
1993 18 12 52943818670
1994 18 12 52153400982
1995 18 12 51839229204
1996 18 12 53030051819
1997 18 12 53281809182
1992 21 12 53377618064
1993 21 12 53970340911
1994 21 12 54078621677
1995 21 12 53174393671
1996 21 12 52256511400
1997 21 12 53064919288
1992 8 18 51758985311
1993 8 18 52173652875
1994 8 18 52604990324
1995 8 18 52587898615
1996 8 18 51780518836
1997 8 18 51906203038
1992 9 18 53887104795
1993 9 18 53920040836
1994 9 18 53898996978
1995 9 18 54122679431
1996 9 18 54303106396
1997 9 18 54430180840
1992 12 18 51465172557
1993 12 18 51406709327
1994 12 18 52099528581
1995 12 18 51320895827
1996 12 18 51326040782
1997 12 18 52052860907
1992 18 18 53202304966
1993 18 18 52197097507
1994 18 18 52525946124
1995 18 18 52421548431
1996 18 18 53671108592
1997 18 18 52788981021
1992 21 18 53635069027
1993 21 18 53806768582
1994 21 18 52744648993
1995 21 18 52784240366
1996 21 18 53641429016
1997 21 18 52632344235
1992 8 21 49640993819
1993 8 21 50661144654
1994 8 21 50362372598
1995 8 21 50516483322
1996 8 21 51123449982
1997 8 21 51125299004
1992 9 21 51006397394
1993 9 21 51824859693
1994 9 21 51996233504
1995 9 21 51968286051
1996 9 21 53096102262
1997 9 21 51759284236
1992 12 21 49650941206
1993 12 21 50057832135
1994 12 21 50097922236
1995 12 21 48627408805
1996 12 21 50197634124
1997 12 21 49149703784
1992 18 21 50875757574
1993 18 21 50618892442
1994 18 21 50420152423
1995 18 21 50255208143
1996 18 21 50798876344
1997 18 21 50981837552
1992 21 21 49991192802
1993 21 21 51428673225
1994 21 21 49946254861
1995 21 21 51328670072
1996 21 21 50456326144
1997 21 21 50401588878
Res Count: 150
