1992 1 103719745491
1993 1 104804149905
1994 1 102680809322
1995 1 104521470391
1996 1 105409529511
1997 1 103520208117
1998 1 60245313373
1992 2 106246161239
1993 2 106198050501
1994 2 106093079488
1995 2 107568611750
1996 2 106880639017
1997 2 106690124662
1998 2 61912349455
1992 3 106647931375
1993 3 107048690889
1994 3 104514167652
1995 3 105315997395
1996 3 105586646448
1997 3 106924659923
1998 3 62738136949
1992 17 104134609838
1993 17 104651610426
1994 17 104257308810
1995 17 104390879969
1996 17 105890415529
1997 17 104161057567
1998 17 62706700969
1992 24 105245006839
1993 24 104166556157
1994 24 107595107297
1995 24 104996502880
1996 24 104859848521
1997 24 105030361725
1998 24 62169336083
Res Count: 35